1.236311141253486
1.2183474664882028
1.2002028398459545
1.1820035492497807
1.1638363610057612
1.1457612714670102
1.1278202761350666
1.110043134313884
1.092451138245994
1.0750596041104732
1.0578795469331683
1.0409188288532918
1.0241829619131828
1.0076756799867854
0.9913993535063145
0.9753552951671328
0.9595439886979732
0.94396526244662
0.9286184227756947
0.913502357772691
0.8986156187441717
0.8839564848815882
0.8695230150356885
0.8553130895120573
0.841324444067276
0.8275546977541871
0.8140013758756138
0.8006619290176489
0.7875337489179088
0.7746141817611927
0.7619005393707269
0.7493901086676646
0.7370801596974804
0.7249679524640795
0.7130507427669959
0.7013257872010519
0.6897903474491757
0.6784416939760973
0.6672771092121066
0.6562938903010592
0.6454893514745802
0.6348608261044206
0.6244056684767001
0.6141212553249812
0.6040049871535065
0.594054289377248
0.5842666133015239
0.5746394369606637
0.565170265832469
0.5558566334428949
0.5466961018734333
0.5376862621820225
0.528824734746899
0.520109169541619
0.51153724634845
0.5031066749164609
0.4948151950698933
0.4866605767717467
0.4786406201469595
0.47075315546908847
0.4629960431139674
0.45536717348347366
0.44786446690220916
0.4404858734896302
0.43322937300992087
0.4260929747016911
0.41907471708939215
0.41217266777818107
0.405384923233814
0.3987096085490197
0.39214487719768715
0.3856889107780923
0.3793399187463008
0.3730961381407884
0.36695583329925124
0.3609172955684997
0.35497884300826993
0.3491388200897223
0.34339559738934533
0.33774757127892935
0.3321931636122287
0.3267308214088884
0.32135901653616655
0.31607624538895235
0.31088102856853833
0.30577191056057385
0.30074745941260045
0.2958062664115331
0.2909469457614308
0.28616813426187093
0.2814684909872194
0.2768466969670648
0.27230145486806656
0.2678314886774416
0.2634355433883047
0.2591123846870484
0.2548607986429426
0.25067959140011403
0.2465675888720476
0.24252363643874605
0.2385465986466663
0.23463535891153836
0.23078881922416558
0.22700589985929084
0.2232855390876051
0.21962669289096554
0.2160283346808817
0.21248945502032002
0.20900906134886976
0.20558617771130644
0.2022198444895824
0.19890911813826898
0.19565307092346618
0.19245079066519516
0.18930138048328035
0.18620395854672428
0.18315765782657628
0.18016162585228876
0.1772150244715553
0.17431702961361795
0.1714668310560293
0.16866363219485575
0.16590664981829864
0.16319511388371416
0.16052826729800848
0.15790536570138175
0.15532567725439358
0.15278848242832313
0.15029307379879167
0.1478387558426161
0.14542484473786368
0.14305066816707093
0.14071556512359487
0.1384188857210606
0.13615999100586892
0.1339382527727283
0.1317530533831744
0.12960378558703917
0.12748985234683244
0.1254106666649981
0.12336565141400686
0.12135423916924601
0.11937587204467137
0.11743000153117783
0.11551608833765524
0.11363360223468823
0.11178202190086313
0.10996083477164242
0.10816953689077144
0.10640763276417638
0.10467463521631937
0.10297006524896953
0.1012934519023573
0.09964433211867255
0.09802225060786932
0.09642675971574431
0.09485741929425119
0.09331379657401426
0.09179546603900945
0.09030200930337555
0.08883301499032223
0.0873880786131012
0.0859668024580067
0.08456879546937131
0.08319367313652695
0.08184105738269562
0.08051057645578058
0.07920186482102505
0.07791456305550808
0.07664831774444623
0.07540278137927259
0.07417761225746092
0.07297247438406784
0.07178703737496338
0.07062097636171984
0.06947397189813405
0.06834570986835273
0.0672358813965757
0.06614418275830614
0.06507031529312904
0.06401398531898332
0.06297490404790802
0.06195278750323466
0.06094735643820113
0.05995833625596495
0.058985456930988216
0.05802845293177368
0.057087063144927126
0.05616103080052399
0.055250103398757446
0.05435403263784542
0.053472574343175615
0.05260548839766629
0.05175253867332229
0.050913492963966134
0.0500881229191218
0.049276203979034455
0.04847751531080259
0.04769183974560738
0.04691896371701644
0.046158677200345694
0.04541077365306075
0.04467504995619785
0.04395130635678985
0.04323934641127713
0.04253897692988679
0.04185000792196494
0.04117225254224257
0.04050552703802235
0.03984965069726706
0.039204445797575836
0.03856973755603267
0.037945354079910676
0.03733112631821977
0.03672688801407995
0.036132475657907795
0.035547728441402755
0.034972488212316445
0.034406599429994786
0.03384990912167632
0.03330226683953612
0.032763524618461104
0.032233536934543956
0.031712160664283576
0.031199255044480272
0.03069468163281139
0.030198304269079254
0.0297099890371165
0.029229604227338526
0.028757020299931747
0.028292109848668433
0.027834747565333325
0.02738481020475461
0.02694217655042865
0.026506727380725792
0.026078345435670818
0.0256569153842837
0.025242323792475155
0.024834459091485423
0.024433211546855998
0.02403847322792638
0.023650137977847492
0.023268101384101056
0.022892260749516963
0.022522515063780033
0.022158764975418514
0.021800912764264605
0.021448862314378828
0.02110251908743293
0.02076179009653923
0.020426583880522275
0.020096810478623904
0.01977238140563253
0.01945320962743377
0.019139209536969976
0.018830296930604697
0.018526388984885664
0.018227404233697262
0.01793326254579613
0.017643885102725784
0.017359194377100637
0.017079114111255723
0.016803569296252246
0.01653248615123838
0.01626579210315316
0.016003415766772992
0.015745286925089922
0.015491336510020716
0.01524149658343759
0.014995700318516984
0.014753881981399573
0.014515976913158497
0.01428192151206727
0.014051653216165059
0.013825110486113554
0.0136022327883392
0.013382960578457016
0.01316723528497224
0.012954999293252743
0.012746195929769194
0.01254076944659735
0.012338665006180109
0.012139828666342375
0.011944207365556
0.011751748908449718
0.01156240195156074
0.011376115989322937
0.011192841340289581
0.011012529133583245
0.010835131295572367
0.010660600536769085
0.010488890338944472
0.010319954942458489
0.010153749333799197
0.009990229233330292
0.009829351083241263
0.009671072035697443
0.009515349941186923
0.00936214333706085
0.009211411436263346
0.009063114116248196
0.008917211908081011
0.008773665985718054
0.008632438155467227
0.008493490845620127
0.008356787096257477
0.008222290549222971
0.008089965438262629
0.00795977657932743
0.007831689361037097
0.007705669735299903
0.0075816842080894025
0.007459699830372584
0.0073396841891875085
0.0072216053988695805
0.007105432092421886
0.006991133413027305
0.0068786790057030825
0.0067680390090901635
0.006659184047380657
0.006552085222376674
0.006446714105680344
0.006343042731014368
0.006241043586666108
0.006140689608059199
0.006041954170445571
0.005944811081718952
0.005849234575345928
0.005755199303415126
0.005662680329797126
0.005571653123421958
0.005482093551663137
0.0053939778738323835
0.005307282734781849
0.0052219851586096
0.0051380625424707485
0.005055492650489021
0.00497425360776869
0.0048943238945056465
0.004815682340193642
0.004738308117927518
0.004662180738799185
0.004587280046385386
0.004513586211325738
0.004441079725991337
0.004369741399239082
0.004299552351253641
0.004230494008471795
0.004162548098593282
0.004095696645670328
0.0040299219652800275
0.003965206659774474
0.0039015336136089727
0.0038388859887483816
0.003777247220145612
0.0037166010112981303
0.00365693132987335
0.00359822240340879
0.00354045871508155
0.0034836249995458387
0.0034277062388405606
0.0033726876583636293
0.0033185547229105227
0.0032652931327796747
0.0032128888199407166
0.003161327944265122
0.003110596889819415
0.0030606822612176455
0.00301157088003515
0.0029632497812802482
0.0029157062099225985
0.0028689276174803384
0.0028229016586611114
0.0027776161880598144
0.0027330592569079835
0.0026892191098792724
0.002646084181944066
0.002603643095277583
0.0025618846562179788
0.0025207978522737576
0.002480371849180137
0.002440595988003578
0.00240145978229426
0.002362952915283432
0.002325065237128505
0.0022877867622013103
0.0022511076664214567
0.002215018284633748
0.002179509108027129
0.0021445707815967024
0.002110194101646608
0.002076370013333888
0.0020430896082528887
0.002010344122057753
0.001978124932124583
0.0019464235552524721
0.0019152316453996466
0.0018845409914595075
0.001854343515070059
0.0018246312684613445
0.0017953964323368932
0.001766631313788573
0.0017383283442486302
0.0017104800774713855
0.0016830791875499824
0.0016561184669656296
0.0016295908246669315
0.0016034892841821043
0.0015778069817607469
0.0015525371645476668
0.0015276731887833037
0.0015032085180371735
0.0014791367214671749
0.0014554514721082025
0.001432146545189354
0.0014092158164773789
0.0013866532606478662
0.0013644529496822564
0.001342609051291496
0.0013211158273647658
0.0012999676324446123
0.0012791589122251917
0.0012586842020759245
0.00123853812558996
0.001218715393153881
0.001199210800543253
0.0011800192275389454
0.0011611356365679808
0.0011425550713641476
0.0011242726556518097
0.0011062835918519566
0.0010885831598066022
0.0010711667155266413
0.0010540296899580169
0.0010371675877702251
0.0010205759861610028
0.0010042505336843594
0.0009881869490953306
0.000972381020213096
0.0009568286028041178
0.0009415256194837122
0.0009264680586320657
0.0009116519733325787
0.0008970734803236707
0.0008827287589700826
0.0008686140502488172
0.000854725655753251
0.0008410599367126424
0.0008276133130274392
0.000814382262320549
0.0008013633190041173
0.0007885530733604973
0.0007759481706398346
0.0007635453101703844
0.000751341244485297
0.0007393327784611863
0.0007275167684725948
0.0007158901215600573
0.0007044497946099225
0.0006931927935495489
0.0006821161725545155
0.0006712170332685987
0.0006604925240372348
0.0006499398391518913
0.0006395562181083233
0.0006293389448759001
0.0006192853471794682
0.0006093927957916175
0.0005996587038377135
0.00059008052611165
0.000580655758402965
0.0005713819368338337
0.0005622566372085479
0.0005532774743721468
0.0005444421015793986
0.0005357482098756571
0.0005271935274852505
0.0005187758192124239
0.000510492885849819
0.0005023425635968782
0.0004943227234899075
0.00048643127083787524
0.0004786661446696278
0.00047102531719059326
0.0004635067932455035
0.00045610860979282484
0.0004488288353858131
0.0004416655696623865
0.00043461694284442626
0.00042768111524297414
0.00042085627677359167
0.00041414064647783233
0.00040753247205407714
0.00040103002939429193
0.00039463162212994424
0.0003883355811839234
0.0003821402643302381
0.0003760440557613541
0.00037004536566128006
0.00036414262978713783
0.00035833430905578013
0.00035261888913868896
0.0003469948800621838
0.0003414608158150188
0.00033601525396196637
0.00033065677526323645
0.0003253839833008261
0.0003201955041103084
0.000315089985818631
0.00031006609828878825
0.00030512253276810796
0.00030025800154424934
0.000295471237606141
0.00029076099431009253
0.00028612604505080867
0.00028156518293970576
0.0002770772204862175
0.0002726609892849615
0.0002683153397092387
0.000264039140607081
0.0002598312790046141
0.00025569065981243764
0.00025161620553765837
0.0002476068560004303
0.00024366156805534264
0.00023977931531584437
0.00023595908788571067
0.00023219989209242932
0.0002285007502257985
0.00022486070028179884
0.00022127879570812934
0.0002177541051568164
0.0002142857122380594
0.00021087271528021334
0.00020751422709257156
0.00020420937473146757
0.0002009572992720551
0.00019775715558135066
0.00019460811209747361
0.00019150935060979995
0.00018846006604483716
0.00018545946625454145
0.00018250677180813428
0.00017960121578708063
0.0001767420435847022
0.00017392851270689734
0.00017115989257795232
0.00016843546434783705
0.00016575452070460815
0.0001631163656876688
0.0001605203145057589
0.00015796569335701678
0.00015545183925215242
0.00015297809984023676
0.0001505438332381594
0.00014814840786159925
0.00014579120225932126
0.00014347160495021226
0.00014118901426381466
0.00013894283818116092
0.00013673249417979385
0.00013455740908222506
0.00013241701890382085
0.00013031076870615552
0.00012823811245146982
0.00012619851285903437
0.0001241914412642424
0.0001222163774808697
0.00012027280966414964
0.00011836023417637564
0.00011647815545578665
0.00011462608588631768
0.00011280354566886656
0.00011101006269759817
0.00010924517243467853
0.00010750841778902263
0.00010579934899732596
0.00010411752350499268
0.00010246250585121256
0.00010083386755488548
9.923118700217442e-05
9.765404933591536e-05
9.610204634777684e-05
9.457477637072524e-05
9.30718441738814e-05
9.159286086015736e-05
9.01374437630279e-05
8.870521634756973e-05
8.729580811126246e-05
8.590885448736025e-05
8.454399674962557e-05
8.320088191807301e-05
8.187916266768522e-05
8.057849723592674e-05
7.929854933534415e-05
7.803898806341367e-05
7.679948781857325e-05
7.557972821299747e-05
7.437939398999247e-05
7.319817494111033e-05
