1.236311141253486
1.2215261368335482
1.2065685250643472
1.1914656008304185
1.1762453156866348
1.1609354474623437
1.1455629474188698
1.1301534643438709
1.114731027987252
1.0993178656357747
1.083934323292106
1.0685988645729676
1.0533281241527133
1.0381369970025125
1.023038748990606
1.0080451381976692
0.9931665394104646
0.9784120666878228
0.9637896907225783
0.9493063490562801
0.9349680481459277
0.9207799569276388
0.9067464919486444
0.8928713944075253
0.8791577995998284
0.8656082993467836
0.8522249980140398
0.8390095627231666
0.8259632683338185
0.8130870377376689
0.8003814779624266
0.7878469125393559
0.7754834105432685
0.7632908126714425
0.7512687546882579
0.7394166885259248
0.7277339012986755
0.7162195324581188
0.7048725892909855
0.6936919609369918
0.6826764310837384
0.6718246894772433
0.6611353423705465
0.6506069220186537
0.640237895315626
0.630026671658702
0.6199716101147523
0.6100710259559678
0.6003231966242996
0.5907263671777048
0.5812787552655618
0.5719785556756162
0.5628239444904246
0.5538130828873812
0.5449441206129884
0.5362151991590157
0.5276244546655048
0.5191700205732086
0.5108500300459455
0.502662618181467
0.49460592402776205
0.4866780924202316
0.4788772756538162
0.4712016350029625
0.4636493421012281
0.45621858019135
0.4489075452557191
0.4417144470364019
0.43463750995313105
0.4276749739270228
0.4208250951171827
0.41408614657680837
0.407456418834906
0.4009342204092669
0.3945178782559418
0.3882057381600558
0.3819961650724536
0.3758875433963393
0.3698782772277723
0.36396679055359865
0.35815152741014566
0.3524309520057628
0.34680354881007747
0.3412678226126257
0.33582229855332846
0.3304655221271126
0.32519605916480665
0.3200124957922939
0.3149134383697646
0.30989751341277644
0.30496336749671116
0.30010966714610365
0.2953350987102146
0.29063836822611605
0.286018201270475
0.2814733428011289
0.2770025569894721
0.2726046270445971
0.26827835503006586
0.2640225616741252
0.2598360861741169
0.25571778599578227
0.2516665366681054
0.24768123157429642
0.24376078173946375
0.23990411561549382
0.23611017886360536
0.23237793413502092
0.22870636085015636
0.22509445497670158
0.22154122880693755
0.2180457107346038
0.21460694503160896
0.2112239916248524
0.20789592587340058
0.2046218383462464
0.20140083460085673
0.1982320349626956
0.1951145743058984
0.1920476018352518
0.1890302808696238
0.18606178862697215
0.18314131601105124
0.18026806739992018
0.1774412604363506
0.17466012582021756
0.17192390710295094
0.1692318604841159
0.16658325461018053
0.1639773703755261
0.1614135007257421
0.15889095046325122
0.15640903605529152
0.1539670854442897
0.15156443786064602
0.14920044363795013
0.14687446403064286
0.14458587103413445
0.14233404720738513
0.14011838549795333
0.13793828906951044
0.1357931711318212
0.1336824547731832
0.13160557279531868
0.12956196755071042
0.12755109078236748
0.1255724034660106
0.12362537565465789
0.12170948632559914
0.11982422322973629
0.11796908274327393
0.11614356972173746
0.11434719735629824
0.11257948703238345
0.11083996819054749
0.10912817818957986
0.10744366217182744
0.10578597293070262
0.10415467078035577
0.10254932342748216
0.10096950584523894
0.09941480014924581
0.09788479547564101
0.09637908786116722
0.09489728012525726
0.09343898175409697
0.09200380878663182
0.09059138370249566
0.08920133531182874
0.08783329864696164
0.08648691485593642
0.08516183109783602
0.08385770043989768
0.0825741817563805
0.08131093962916223
0.08006764425003755
0.07884397132469206
0.07763960197832426
0.07645422266289058
0.07528752506594842
0.07413920602106845
0.07300896741979407
0.07189651612512156
0.07080156388647517
0.06972382725615471
0.0686630275072289
0.067618890552852
0.06659114686698073
0.06557953140646533
0.0645837835344939
0.0636036469453674
0.06263886959058076
0.061689203606190304
0.06075440524144339
0.0598342347886499
0.05892845651427512
0.05803683859123068
0.057159153032344916
0.05629517562499135
0.05544468586685644
0.05460746690282453
0.05378330546296274
0.052971991801586314
0.05217331963738411
0.05138708609458799
0.05061309164516544
0.04985114005202006
0.049101038313179614
0.04836259660695666
0.04763562823806245
0.046919949584659816
0.046215380046336185
0.045521741992981576
0.044838860714556485
0.04416656437173158
0.0435046839473853
0.04285305319894577
0.0422115086115587
0.04157988935206868
0.04095803722379962
0.04034579662211941
0.03974301449077544
0.03914954027898665
0.03856522589927885
0.037989925686052146
0.037423496354862876
0.03686579696241313
0.03631668886723026
0.03577603569102742
0.035243703280731314
0.03471955967116658
0.034203475048383745
0.03369532171362048
0.03319497404788451
0.03270230847714665
0.032217203438134834
0.03173953934471568
0.03126919855485632
0.030806065338153034
0.030350025843920447
0.02990096806982692
0.029458781831070462
0.029023358730082566
0.028594592126753002
0.02817237710916468
0.02775661046483021
0.02734719065242118
0.026944017773981976
0.026546993547618438
0.02615602128065407
0.025771005843244665
0.025391853642444385
0.025018472596714518
0.024650772110866075
0.024288663051431708
0.023932057722456046
0.023580869841698777
0.023235014517242702
0.0228944082245015
0.022558968783615452
0.022228615337234196
0.021903268328675927
0.02158284948045697
0.02126728177318632
0.020956489424817756
0.02065039787025422
0.020348933741297107
0.020052024846935055
0.019759600153967067
0.01947158976795211
0.019187924914481933
0.01890853792076978
0.01863336219754972
0.018362332221281308
0.01809538351665574
0.01783245263939513
0.017573477159342737
0.017318395643837494
0.017067147641368054
0.01681967366550353
0.016575915179090638
0.016335814578721398
0.01609931517945702
0.01586636119981114
0.015636897746984107
0.015410870802344653
0.01518822720715487
0.014968914648534615
0.014752881645660671
0.014540077536197276
0.014330452462952477
0.014123957360758735
0.013920543943571874
0.013720164691786699
0.01352277283976245
0.013328322363557682
0.013136767968869185
0.012948065079173047
0.0127621698240602
0.012579039027770475
0.012398630197913726
0.0122209015143804
0.012045811818435781
0.011873320601996695
0.011703387997084903
0.011535974765455457
0.011371042288398402
0.011208552556708957
0.011048468160824226
0.010890752281122264
0.010735368678383478
0.010582281684408881
0.010431456192793629
0.01028285764985371
0.010136452045702132
0.009992205905472788
0.009850086280689539
0.009710060740776445
0.009572097364710682
0.009436164732810446
0.009302231918660094
0.009170268481167632
0.009040244456752918
0.00891213035166508
0.008785897134425813
0.008661516228397443
0.008538959504472792
0.008418199273886135
0.008299208281141035
0.008181959697054923
0.008066427111918236
0.007952584528765754
0.007840406356757564
0.007729867404669139
0.007620942874488684
0.00751360835511861
0.007407839816179911
0.007303613601919257
0.007200906425214526
0.007099695361678872
0.006999957843862256
0.00690167165554526
0.006804814926128897
0.006709366125114588
0.00661530405667432
0.006522607854309927
0.006431256975598909
0.00634123119702771
0.006252510608905705
0.00616507561036561
0.00607890690444433
0.0059939854932427
0.005910292673164939
0.005827810030236502
0.005746519435496773
0.005666403040466531
0.005587443272690406
0.005509622831350653
0.0054329246829531
0.005357332057082277
0.005282828442226095
0.005209397581667629
0.005137023469444905
0.005065690346374443
0.004995382696140486
0.0049260852414470145
0.004857782940232973
0.004790460981947543
0.004724104783886745
0.0046586999875885245
0.004594232455287391
0.004530688266424915
0.00446805371421725
0.0044063153022790725
0.004345459741300311
0.0042854739457786895
0.004226345030802205
0.004168060308886423
0.004110607286861248
0.004053973662808518
0.00399814732304744
0.003943116339172045
0.0038888689651321584
0.0038353936343648496
0.0037826789569701323
0.003730713716932795
0.0036794868693891263
0.0036289875379371104
0.00357920501199034
0.003530128744173995
0.003481748347763283
0.003434053594162813
0.0033870344104262435
0.0033406808768160047
0.0032949832244017264
0.0032499318326979524
0.0032055172273398494
0.003161730077794942
0.003118561195112829
0.003076001529710126
0.003034042169191736
0.0029926743362064883
0.0029518893863367695
0.0029116788060228496
0.0028720342105195526
0.0028329473418862755
0.002794410067008556
0.0027564143756526388
0.002718952378548038
0.0026820163055050156
0.002645598503558945
0.002609691435144848
0.002574287676302337
0.0025393799149078886
0.002504960948935944
0.0024710236847474212
0.002437561135406367
0.0024045664190218297
0.002372032757117356
0.0023399534730270174
0.0023083219903151687
0.002277131831222462
0.002246376615137545
0.0022160500570900373
0.002186145966271181
0.002156658244575946
0.0021275808851675833
0.002098907971067565
0.002070633673765135
0.0020427522518506104
0.002015258049670508
0.0019881454960022273
0.0019614091027521977
0.0019350434636727326
0.0019090432531002157
0.001883403224712896
0.0018581182103084304
0.001833183118601021
0.001808592934037255
0.0017843427156308685
0.0017604275958156357
0.001736842779317519
0.0017135835420423883
0.001690645229983954
0.0016680232581475494
0.0016457131094900993
0.0016237103338792855
0.001602010547066738
0.0015806094296781025
0.001559502726220199
0.0015386862441019726
0.001518155852672711
0.0014979074822742116
0.001477937123307406
0.0014582408253156563
0.0014388146960806142
0.0014196549007330754
0.0014007576608777654
0.0013821192537318168
0.0013637360112769448
0.0013456043194244515
0.00132772061719423
0.0013100813959055426
0.0012926831983812986
0.0012755226181649822
0.0012585962987485396
0.0012419009328149214
0.001225433261488811
0.001209190073602441
0.0011931682049718072
0.0011773645376832377
0.0011617759993924053
0.001146399562633592
0.0011312322441400316
0.0011162711041746362
0.0011015132458721626
0.0010869558145893356
0.0010725959972682495
0.0010584310218072718
0.0010444581564419486
0.0010306747091378252
0.001017078026989666
0.0010036654956318593
0.0009904345386575594
0.0009773826170473953
0.0009645072286063243
0.0009518059074084822
0.0009392762232537807
0.0009269157811289253
0.0009147222206796699
0.0009026932156904981
0.0008908264735711922
0.000879119734853985
0.0008675707726954106
0.0008561773923883609
0.0008449374308801851
0.000833848756299244
0.0008229092674879681
0.0008121168935440796
0.0008014695933674929
0.0007909653552160913
0.0007806021962665107
0.0007703781621832366
0.0007602913266935399
0.0007503397911682944
0.0007405216842118204
0.0007308351612546599
0.0007212784041549362
0.0007118496208060022
0.0007025470447476178
0.0006933689347863147
0.0006843135746200809
0.0006753792724677975
0.0006665643607060833
0.0006578671955119736
0.0006492861565083593
0.0006408196464185443
0.0006324660907229676
0.0006242239373231671
0.0006160916562099978
0.0006080677391371198
0.0006001506993000584
0.0005923390710188518
0.0005846314094267969
0.000577026290163358
0.0005695223090727777
0.0005621180819047381
0.0005548122440229642
0.0005476034501156616
0.0005404903739117594
0.0005334717079008884
0.0005265461630575459
0.0005197124685706818
0.0005129693715752253
0.0005063156368893426
0.000499750046755691
0.0004932714005856293
0.0004868785147082273
0.00048057022212245426
0.00047434537225319034
0.0004682028307121634
0.00046214147906010913
0.0004561602145754889
0.00045025795002322396
0.0004444336134308068
0.0004386861478647093
0.0004330145112113357
0.00042741767596192346
0.0004218946289995519
0.0004164443713900681
0.000411065918175694
0.0004057582981722341
0.0004005205537693901
0.0003953517407332535
0.0003902509280128974
0.00038521719754886814
0.000380249644085291
0.00037534737498486016
0.0003705095100452904
0.0003657351813204572
0.0003610235329434621
0.000356373720950858
0.00035178491311210693
0.0003472562887603028
0.0003427870386240178
0.00033837636466556347
0.00033402347991629455
0.0003297276083203341
0.0003254879845747259
0.00032130385397725046
0.00031717447227246244
0.00031309910550250295
0.00030907702985891877
0.0003051075315376684
0.0003011899065949031
0.00029732346080630457
0.0002935075095278686
0.0002897413775584874
0.0002860243990053709
0.0002823559171501477
0.0002787352843187304
0.00027516186175194
0.0002716350194780687
0.00026815413618769566
0.00026471859911000515
0.00026132780389151694
0.0002579811544763534
0.00025467806298741253
0.00025141794961084876
0.00024820024248115475
0.00024502437756836534
0.00024188979856671166
0.00023879595678507186
0.00023574231103890223
0.00023272832754412363
0.000229753479812092
0.00022681724854643962
0.0002239191215411029
0.0002210585935805678
0.00021823516633997882
