1.236311141253486
1.2151478588131426
1.1940818282982633
1.173129008618042
1.152304667784755
1.1316233533339688
1.111098868671602
1.0907442551664333
1.0705717797529004
1.0505929277636827
1.0308184006745627
1.011258118415326
0.9919212258795694
0.9728161032528186
0.9539503797716915
0.9353309505263343
0.9169639959232635
0.8988550034353708
0.8810087912794048
0.8634295336780495
0.8461207873830606
0.8290855191571691
0.8123261339350195
0.795844503406751
0.7796419947914734
0.7637194995914699
0.7480774621410592
0.7327159077864852
0.7176344705546442
0.7028324201888261
0.6883086884487225
0.6740618945897366
0.6600903699529908
0.6463921816124044
0.6329651550387859
0.6198068957530747
0.6069148099517482
0.5942861240970061
0.5819179034727481
0.5698070697146392
0.5579504173287908
0.546344629218848
0.5349862912456701
0.5238719058473723
0.5129979047503664
0.5023606608042601
0.4919564989751244
0.48178170653278113
0.47183254246846984
0.46210524617956655
0.4525960454580252
0.44330116381891793
0.4342168272049261
0.42533927010191697
0.41666474109985574
0.4081895079323009
0.39990986202661544
0.39182212259585564
0.3839226403020532
0.3762078005193448
0.36867402622411466
0.36131778053801894
0.35413556894848774
0.34712394123002094
0.3402794930883617
0.3335988675484182
0.32707875610562875
0.320715899659341
0.3145070892456757
0.30844916658631893
0.3025390244686794
0.29677360697190963
0.29114990955238995
0.28566497900142435
0.28031591328709937
0.275099861291496
0.27001402245374045
0.2650556463287081
0.2602220320705721
0.2555105278498028
0.2509185302116717
0.24644348338380526
0.24208287853985438
0.23783425302589
0.23369518955572235
0.22966331538094079
0.2257363014411054
0.22191186149916853
0.2181877512668773
0.2145617675245944
0.2110317472396799
0.2075955666872886
0.20425114057716992
0.20099642118979213
0.19782939752485923
0.19474809446503905
0.19175057195748466
0.1888349242154863
0.18599927894236334
0.18324179657947132
0.18056066957997147
0.1779541217097847
0.17542040737692283
0.17295781099017665
0.17056464634790994
0.16823925605749826
0.16598001098573417
0.1637853097403131
0.1616535781823081
0.15958326896934055
0.15757286112896848
0.15562085966162545
0.15372579517226942
0.15188622352973996
0.15010072555266646
0.1483679067206363
0.14668639690919677
0.1450548501471637
0.14347194439460473
0.14193638133979172
0.1404468862133468
0.13900220761776255
0.13760111737044686
0.13624241035842177
0.13492490440281865
0.13364744013131555
0.13240888085670796
0.13120811245984232
0.13004404327520436
0.12891560397752702
0.12782174746786662
0.12676144875768322
0.12573370484957222
0.12473753461339224
0.12377197865665415
0.12283609918815167
0.12192897987393421
0.12104972568484827
0.12019746273498486
0.11937133811050674
0.11857051968843377
0.11779419594508586
0.11704157575399282
0.11631188817318665
0.11560438222189016
0.11491832664670701
0.11425300967751029
0.11360773877330284
0.11298184035839075
0.11237465954928356
0.11178555987278385
0.11121392297578371
0.11065914832732077
0.11012065291349012
0.10959787092582479
0.10909025344378738
0.10859726811202616
0.10811839881305557
0.10765314533602933
0.10720102304226838
0.10676156252819968
0.10633430928635375
0.10591882336505166
0.10551467902739858
0.10512146441017364
0.10473878118319281
0.10436624420968574
0.10400348120821269
0.10365013241661042
0.10330585025843148
0.10297029901231373
0.10264315448468227
0.10232410368616249
0.10201284451204824
0.10170908542714108
0.1014125451552502
0.10112295237361091
0.10084004541245475
0.10056357195993548
0.10029328877259323
0.10002896139150844
0.0997703638642806
0.09951727847294153
0.09926949546788713
0.09902681280790249
0.09878903590632518
0.09855597738338003
0.09832745682470385
0.09810330054605415
0.09788334136419688
0.09766741837393858
0.09745537673126929
0.09724706744256535
0.09704234715979194
0.0968410779816379
0.0966431272605074
0.09644836741528255
0.09625667574976933
0.09606793427673045
0.09588202954740331
0.09569885248640238
0.09551829823189327
0.09534026598093027
0.0951646588398437
0.09499138367955887
0.09482035099573421
0.09465147477359767
0.09448467235736145
0.09431986432410118
0.09415697436197591
0.0939959291526739
0.09383665825796433
0.0936790940102401
0.0935231714069351
0.09336882800870076
0.09321600384123231
0.09306464130062837
0.09291468506218152
0.09276608199248454
0.09261878106475462
0.0924727332772649
0.09232789157478896
0.09218421077295447
0.09204164748540973
0.09190016005371344
0.09175970847984873
0.09162025436127595
0.09148176082843765
0.09134419248462725
0.09120751534813977
0.09107169679662776
0.09093670551357962
0.09080251143684652
0.09066908570914455
0.09053640063046181
0.09040442961229825
0.0902731471336754
0.09014252869884767
0.0900125507966541
0.08988319086145073
0.08975442723556286
0.08962623913320236
0.08949860660579383
0.08937151050865834
0.08924493246900043
0.08911885485515378
0.08899326074703337
0.08886813390774974
0.08874345875634321
0.08861922034159098
0.08849540431685085
0.08837199691589523
0.08824898492970451
0.08812635568417893
0.08800409701873094
0.08788219726573038
0.08776064523076266
0.08763943017367283
0.08751854179036316
0.08739797019531423
0.08727770590480252
0.08715773982078537
0.08703806321543062
0.08691866771626033
0.08679954529189023
0.08668068823833508
0.0865620891658648
0.0864437409863836
0.08632563690131247
0.08620777038996025
0.08609013519835582
0.08597272532852969
0.08585553502822345
0.08573855878101269
0.08562179129682394
0.08550522750283295
0.08538886253472695
0.08527269172831803
0.0851567106114907
0.08504091489647592
0.0849253004724325
0.08480986339832604
0.08469459989609404
0.08457950634408778
0.0844645792707728
0.0843498153486853
0.08423521138863194
0.08412076433411929
0.08400647125601027
0.0838923293473924
0.08377833591865481
0.08366448839276094
0.08355078430071161
0.08343722127719125
0.08332379705638757
0.08321050946798005
0.08309735643328973
0.0829843359615828
0.08287144614652366
0.08275868516276974
0.0826460512627031
0.08253354277329347
0.08242115809308868
0.08230889568932277
0.08219675409514322
0.08208473190694864
0.08197282778183244
0.08186104043513073
0.08174936863806684
0.08163781121549296
0.08152636704371942
0.08141503504843374
0.0813038142027019
0.08119270352504951
0.08108170207762139
0.08097080896441407
0.08086002332957891
0.08074934435579421
0.0806387712627023
0.08052830330540879
0.08041793977304278
0.08030767998737488
0.08019752330148984
0.080087469098513
0.0799775167903883
0.07986766581670397
0.07975791564356609
0.07964826576251821
0.07953871568950267
0.07942926496386378
0.0793199131473929
0.07921065982340819
0.07910150459587605
0.0789924470885621
0.0788834869442217
0.07877462382381904
0.07866585740577905
0.07855718738526882
0.07844861347350886
0.07834013539711017
0.07823175289743876
0.07812346573000693
0.07801527366388591
0.07790717648114473
0.07779917397631071
0.07769126595585028
0.07758345223767316
0.07747573265065356
0.07736810703417225
0.07726057523767726
0.07715313712026048
0.07704579255025272
0.07693854140483457
0.07683138356966142
0.07672431893850655
0.07661734741291538
0.0765104689018751
0.07640368332149723
0.0762969905947134
0.07619039065098152
0.07608388342600612
0.07597746886146797
0.07587114690476568
0.07576491750876663
0.07565878063156867
0.07555273623627125
0.07544678429075491
0.07534092476747029
0.07523515764323635
0.07512948289904402
0.0750239005198711
0.07491841049450176
0.07481301281535464
0.07470770747831781
0.07460249448258968
0.07449737383052639
0.07439234552749652
0.07428740958173986
0.07418256600423224
0.0740778148085564
0.07397315601077846
0.07386858962932767
0.07376411568488213
0.0736597342002587
0.07355544520030736
0.07345124871181063
0.07334714476338533
0.07324313338538933
0.07313921460983193
0.07303538847028807
0.0729316550018158
0.07282801424087605
0.07272446622525652
0.07262101099399988
0.0725176485873329
0.07241437904659795
0.07231120241418919
0.07220811873349135
0.0721051280488188
0.07200223040535834
0.07189942584911548
0.07179671442685996
0.07169409618607726
0.07159157117491795
0.07148913944215238
0.07138680103712526
0.07128455600971312
0.07118240441028317
0.07108034628965258
0.07097838169905255
0.07087651069008945
0.07077473331471253
0.07067304962517802
0.0705714596740171
0.07046996351400747
0.07036856119814038
0.07026725277959461
0.07016603831170758
0.07006491784794983
0.06996389144190075
0.06986295914722243
0.06976212101763823
0.06966137710691057
0.06956072746881764
0.06946017215713594
0.06935971122561813
0.06925934472797594
0.06915907271786081
0.06905889524884815
0.06895881237441931
0.06885882414794674
0.06875893062267828
0.06865913185172223
0.06855942788803418
0.06845981878440321
0.06836030459343859
0.06826088536755875
0.06816156115897755
0.06806233201969493
0.06796319800148477
0.0678641591558848
0.06776521553418716
0.06766636718742841
0.06756761416638044
0.06746895652154225
0.06737039430313056
0.06727192756107324
0.067173556345
0.06707528070423707
0.06697710068779837
0.06687901634437958
0.06678102772235227
0.066683134869757
0.06658533783429775
0.06648763666333608
0.06639003140388705
0.06629252210261175
0.06619510880581525
0.0660977915594397
0.06600057040906132
0.06590344539988562
0.06580641657674276
0.06570948398408583
0.06561264766598407
0.06551590766612296
0.06541926402779737
0.06532271679391183
0.06522626600697473
0.0651299117090969
0.06503365394198903
0.0649374927469583
0.06484142816490722
0.06474546023632959
0.06464958900130975
0.06455381449952069
0.06445813677022105
0.06436255585225334
0.06426707178404326
0.06417168460359779
0.06407639434850278
0.0639812010559225
0.06388610476259787
0.06379110550484521
0.06369620331855545
0.06360139823919247
0.06350669030179264
0.06341207954096374
0.06331756599088324
0.06322314968529956
0.06312883065752901
0.06303460894045641
0.06294048456653467
0.06284645756778343
0.06275252797578929
0.06265869582170464
0.0625649611362482
0.062471323949703686
0.06237778429192055
0.06228434219231329
0.062190997679860666
0.062097750783106094
0.06200460153015854
0.061911549948690546
0.06181859606593927
0.061725739908706695
0.061632981503358907
0.06154032087582667
0.06144775805160601
0.06135529305575729
0.0612629259129062
0.061170656647243374
0.061078485282524984
0.060986411842073956
0.060894436348777475
0.060802558825090364
0.06071077929303408
0.06061909777419679
0.06052751428973439
0.06043602886037011
0.06034464150639631
0.060253352247673135
0.060162161103631026
0.0600710680932692
0.059980073235157305
0.05988917654743634
0.05979837804781772
0.059707677753585015
0.05961707568159425
0.05952657184827468
0.059436166269628894
0.0593458589612336
0.05925564993824032
0.05916553921537645
0.05907552680694537
0.058985612726826925
0.058895796988479104
0.058806079604937396
0.058716460588816716
0.05862693995231139
0.05853751770719632
0.05844819386482703
0.058358968436140995
0.05826984143165875
0.058180812861483654
0.058091882735303156
0.05800305106239014
0.05791431785160249
0.057825683111385064
0.0577371468497697
0.0576487090743764
0.057560369792414565
0.05747212901068232
0.057383986735569076
0.05729594297305597
0.05720799772871561
0.05712015100771391
0.05703240281481137
0.05694475315436217
0.0568572020303172
0.05676974944622364
0.0566823954052259
0.056595139910066754
0.056507982963088635
0.056420924566233176
0.05633396472104405
0.05624710342866606
0.056160340689847335
0.05607367650493948
0.055987110873898724
0.05590064379628637
0.05581427527127136
0.055728005297629044
0.05564183387374357
0.05555576099760793
0.055469786666825824
0.05538391087861163
0.05529813362979209
0.05521245491680702
0.05512687473570944
0.05504139308216812
0.05495600995146772
0.05487072533850921
0.05478553923781134
0.054700451643511956
0.05461546254936831
0.05453057194875848
0.05444577983468207
0.05436108619976152
0.0542764910362422
0.05419199433599484
0.05410759609051477
0.054023296290924824
0.05393909492797437
0.05385499199204155
0.053770987473134434
0.05368708136089108
0.05360327364458036
0.053519564313104236
0.05343595335499849
0.05335244075843172
