1.236311141253486
1.21506748195314
1.1944382823670525
1.1742875969203646
1.1545544816243345
1.1352044287481018
1.1162148396127045
1.0975693426178237
1.079255175168484
1.0612618333857522
1.0435803152988357
1.0262026685007228
1.00912170549511
0.9923308168102699
0.9758238438370443
0.9595949896046486
0.9436387544689342
0.9279498886346532
0.9125233563403276
0.8973543083027312
0.8824380601268051
0.8677700751008777
0.8533459502679293
0.8391614049808328
0.8252122713672585
0.8114944862820402
0.7980040844326896
0.7847371924413733
0.7716900236632134
0.7588588736224453
0.7462401159590002
0.7338301988013871
0.7216256414994205
0.7096230316638237
0.6978190224701072
0.6862103301921272
0.6747937319369722
0.6635660635576939
0.6525242177242305
0.6416651421359058
0.6309858378612858
0.6204833577931194
0.6101548052076267
0.5999973324186874
0.5900081395185022
0.5801844731971821
0.5705236256344427
0.561022933457203
0.5516797767574331
0.5424915781650627
0.5334558019711862
0.5245699532971861
0.5158315773057299
0.50723825844993
0.4987876197572379
0.4904773221449304
0.4823050637642921
0.47426857937085143
0.46636563971824274
0.45859405097348876
0.45095165415169236
0.4434363245683127
0.436045971307381
0.42877853670416555
0.42163199584095373
0.41460435605475704
0.4076936564558695
0.4008979674563382
0.39421539030750397
0.38764405664587637
0.38118212804669743
0.3748277955846231
0.3685792794010394
0.36243482827758067
0.35639271921549304
0.3504512570205238
0.3446087738930795
0.338863629023424
0.33321420819173253
0.32765892337285024
0.3221962123456224
0.3168245383066981
0.31154238948872515
0.3063482787828686
0.3012407433656042
0.2962183443297502
0.29127966631970603
0.2864233171708816
0.28164792755330126
0.27695215061937484
0.2723346616558316
0.26779415773981424
0.26332935739913077
0.25893900027666933
0.2546218467989715
0.25037667784896644
0.24620229444286706
0.24209751741122176
0.2380611870841238
0.2340921629805702
0.23018932350196222
0.22635156562974254
0.2225778046271543
0.218866973745111
0.21521802393216025
0.21162992354852744
0.20810165808421394
0.20463222988113486
0.20122065785926788
0.19786597724679025
0.19456723931417538
0.19132351111222182
0.1881338752139814
0.18499742946055736
0.18191328671073612
0.17888057459442075
0.17589843526982726
0.17296602518440915
0.1700825148394703
0.16724708855842754
0.1644589442586841
0.16171729322707204
0.15902135989882327
0.15637038164002642
0.1537636085335294
0.1512003031682427
0.14867974043180165
0.14620120730654473
0.14376400266876357
0.14136743709118238
0.13901083264862182
0.13669352272680493
0.13441485183426063
0.13217417541728205
0.12997085967789554
0.1278042813947972
0.12567382774721578
0.12357889614165446
0.12151889404147485
0.11949323879927604
0.11750135749202997
0.11554268675892851
0.11361667264190399
0.1117227704287794
0.10986044449901015
0.10802916817197553
0.10622842355777969
0.10445770141052552
0.1027165009840193
0.10100432988986942
0.0993207039579417
0.09766514709913063
0.09603719117041462
0.09443637584215382
0.0928622484675962
0.09131436395455765
0.08979228463923818
0.08829558016214145
0.08682382734606388
0.08537661007611602
0.08395351918174859
0.08255415232074531
0.0811781138651521
0.07982501478911261
0.07849447255857538
0.07718611102284412
0.07589956030794023
0.07463445671174634
0.07339044260090392
0.07216716630943308
0.07096428203904785
0.06978144976113788
0.06861833512038999
0.06747460934002067
0.06634994912859361
0.06524403658839642
0.06415655912534982
0.06308720936042256
0.06203568504253013
0.061001688962889475
0.05998492887080651
0.0589851173908727
0.0580019719415474
0.057035214655100606
0.056084572298897226
0.055149776197997054
0.054230562159049395
0.05332667039546101
0.05243784545381732
0.05156383614153141
0.0507043954557068
0.04985928051318771
0.04902825248178008
0.04821107651262351
0.047407521673693255
0.04661736088441608
0.045840370851377245
0.04507633200510522
0.044325028437911314
0.043586247842770515
0.04285978145322261
0.0421454239842804
0.041442973574323465
0.040752231727965
0.040073003259873424
0.0394050962395327
0.038748321936926865
0.038102494769131065
0.03746743224779689
0.036842954927515374
0.03622888635504021
0.03562505301936389
0.03503128430262468
0.034447412431834856
0.033873272431417106
0.033308702076531485
0.032753541847183286
0.032207634883098794
0.031670826939352685
0.03114296634273865
0.030623903948866594
0.03011349309997898
0.02961158958347036
0.02911805159109941
0.02863273967888274
0.02815551672765894
0.027686247904310197
0.02722480062363193
0.026771044510839417
0.02632485136469993
0.025886095121280563
0.025454651818301983
0.02503039956008637
0.024613218483090556
0.024202990722015837
0.023799600376482495
0.023402933478259832
0.023012877959045316
0.022629323618779396
0.02225216209449086
0.021881286829661083
0.021516593044100023
0.021157977704324926
0.02080533949443318
0.020458578787461684
0.020117597617223697
0.01978229965061581
0.019452590160387098
0.019128375998362798
0.018809565569113892
0.01849606880406773
0.018187797136048567
0.017884663474244496
0.01758658217959122
0.017293469040566813
0.017005241249389954
0.016721817378615993
0.016443117358121824
0.016169062452476807
0.015899575238689987
0.015634579584328234
0.015374000626000686
0.01511776474820005
0.01486579956249841
0.014618033887090884
0.014374397726677111
0.014134822252682104
0.013899239783804343
0.013667583766889925
0.013439788758124632
0.013215790404539922
0.012995525425827771
0.012778931596458805
0.01256594772809773
0.01235651365231322
0.012150570203574839
0.011948059202535074
0.011748923439589066
0.011553106658708463
0.011360553541545476
0.011171209691801453
0.01098502161985626
0.010801936727654907
0.010621903293843434
0.010444870459156643
0.010270788212046009
0.010099607374548892
0.00993127958839323
0.009765757301333833
0.009602993753715776
0.009442942965263145
0.009285559722087016
0.009130799563910746
0.008978618771507565
0.008828974354347575
0.008681824038452064
0.008537126254448767
0.00839484012582673
0.008254925457387402
0.008117342723888038
0.007982053058873975
0.007849018243697664
0.007718200696721152
0.007589563462696886
0.0074630702023279075
0.007338685181999885
0.007216373263685856
0.007096099895018637
0.006977831099529317
0.006861533467046349
0.006747174144258165
0.006634720825430741
0.00652414174327971
0.006415405659996407
0.0063084818584219216
0.006203340133368777
0.006099950783087786
0.005998284600876321
0.005898312866826903
0.005800007339713669
0.005703340249013361
0.005608284287059421
0.005514812601328071
0.005422898786851191
0.005332516878757128
0.005243641344934518
0.00515624707882015
0.0050703093923045615
0.004985804008759023
0.0049027070561759355
0.0048209950604254145
0.00474064493862324
0.0046616339926094374
0.004583939902536337
0.004507540720562889
0.004432414864654101
0.004358541112484236
0.004285898595440962
0.004214466792729898
0.004144225525577419
0.004075154951530327
0.004007235558849632
0.003940448160998995
0.0038747738912238076
0.0038101941972221564
0.0037466908359027533
0.003684245868231672
0.0036228416541646464
0.003562460847663177
0.0035030863917951973
0.0034447015139150356
0.0033872897209264903
0.0033308347946225682
0.003275320787104672
0.0032207320162763115
0.003167053061413622
0.0031142687588088334
0.003062364197486313
0.003011324714990475
0.002961135893243633
0.0029117835544728264
0.002863253757204672
0.002815532792326545
0.0027686071792142972
0.0027224636619242217
0.0026770892054474365
0.002632470992027668
0.002588596417541196
0.0025454530879352975
0.0025030288157277033
0.002461311616562222
0.002420289705825124
0.0023799514953149613
0.002340285589968939
0.0023012807846440973
0.0022629260609517278
0.0022252105841450093
0.0021881237000580403
0.0021516549320963023
0.002115793978276536
0.0020805307083170566
0.0020458551607758875
0.002011757540236558
0.0019782282145409218
0.0019452577120683992
0.001912836719059958
0.0018809560769875219
0.0018496067799661834
0.001818779972210152
0.0017884669455318636
0.0017586591368808913
0.0017293481259256275
0.0017005256326743231
0.0016721835151361033
0.0016443137670211082
0.0016169085154783705
0.0015899600188723213
0.0015634606645951866
0.0015374029669171841
0.0015117795648716091
0.0014865832201750367
0.0014618068151828194
0.0014374433508787927
0.0014134859448975596
0.0013899278295808346
0.001366762350064761
0.0013439829624011552
0.0013215832317077316
0.0012995568303511146
0.0012778975361593275
0.0012565992306633365
0.0012356558973693808
0.0012150616200590004
0.001194810581118215
0.0011748970598933644
0.0011553154310758468
0.0011360601631123749
0.001117125816642598
0.0010985070429630748
0.0010801985825154444
0.001062195263401245
0.001044491999920376
0.001027083791135175
0.00100996571945699
0.0009931329492577764
0.0009765807255029924
0.0009603043724095197
0.0009442992921240876
0.0009285609634243461
0.0009130849404427187
0.0008978668514086855
0.0008829023974155862
0.0008681873512050065
0.000853717555973598
0.0008394889241978369
0.0008254974364801158
0.0008117391404128714
0.0007982101494625196
0.0007849066418706164
0.0007718248595756772
0.0007589611071500436
0.0007463117507572447
0.0007338732171244206
0.0007216419925342394
0.0007096146218305358
0.0006977877074440923
0.0006861579084315936
0.000674721939532094
0.0006634765702396808
0.000652418623889785
0.0006415449767627297
0.0006308525572009236
0.0006203383447411036
0.0006099993692613712
0.0005998327101419388
0.0005898354954398179
0.0005800049010782141
0.0005703381500480298
0.0005608325116243172
0.0005514853005938487
0.0005422938764970402
0.0005332556428823362
0.0005243680465726571
0.0005156285769431725
0.0005070347652137149
0.0004985841837499415
0.0004902744453785357
0.00048210320271229855
0.0004740681474874502
0.0004661670099111616
0.000458397558020255
0.00045075759705157423
0.00044324496882134414
0.00043585755111500487
0.0004285932570890036
0.0004214500346802523
0.0004144258660266373
0.00040751876689752134
0.00040072678613243124
0.0003940480050903309
0.0003874805371079147
0.00038102252696625943
0.0003746721503665032
0.00036842761341486074
0.00036228715211602896
0.0003562490318746895
0.00035031154700504793
0.00034447302024996374
0.00033873180230638153
0.00033308627135969666
0.00032753483262557627
0.0003220759178995198
0.0003167079851138684
0.0003114295179017668
0.0003062390251696169
0.0003011350406748876
0.00029611612261331866
0.00029118085320968697
0.000286327838319311
0.00028155570703257367
0.0002768631112887813
0.00027224872549479906
0.00026771124615072053
0.0002632493914819534
0.00025886190107641985
0.00025454753552909794
0.00025030507609183215
0.00024613332432890065
0.0002420311017783961
0.00023799724961960544
0.00023403062834511735
0.00023013011744036515
0.0002262946150649733
0.0002225230377430745
0.00021881432005646674
0.00021516741434437245
0.00021158129040656814
0.00020805493521312786
0.0002045873526180789
0.00020117756307753471
0.0001978246033737804
0.00019452752634213812
0.00019128540060449413
0.00018809731030588973
0.00018496235485505167
0.0001818796486711614
0.0001788483209323793
0.00017586751533145382
0.00017293638983188858
0.00017005411643224023
0.00016721988093038466
0.0001644328826945603
0.0001616923344365235
0.00015899746198979892
0.0001563475040906191
0.00015374171216333025
0.00015117935010768585
0.00014865969409234947
0.0001461820323500771
0.00014374566497584105
0.00014134990373020537
0.00013899407184385026
0.00013667750382775342
0.00013439954528347638
0.00013215955271989532
0.00012995689337028912
0.00012779094501448715
0.00012566109580211063
0.00012356674408107437
0.00012150729822624467
0.00011948217647280527
0.00011749080675250661
0.0001155326265312607
0.00011360708265064685
0.00011171363117151816
0.00010985173722047109
0.00010802087483851439
0.0001062205268327566
0.00010445018462998757
0.00010270934813362763
0.00010099752558183007
9.931423340845205e-05
9.765899610731025e-05
9.603134609732628e-05
9.443082358976323e-05
9.285697645977047e-05
9.130936011769325e-05
8.97875373836003e-05
8.82910783637019e-05
8.68195603297482e-05
8.53725675984243e-05
8.394969141432489e-05
8.255052983535329e-05
8.117468761783396e-05
7.982177610573551e-05
7.849141312059962e-05
7.718322285349141e-05
7.589683575900255e-05
7.463188845107416e-05
7.33880235996297e-05
7.216488983072169e-05
7.09621416259883e-05
6.977943922593557e-05
6.861644853380704e-05
6.747284102139933e-05
6.634829363527085e-05
6.524248870681904e-05
6.415511386147191e-05
6.308586193144685e-05
6.203443086797371e-05
6.100052365668011e-05
5.9983848233090854e-05
5.8984117400850925e-05
5.8001048750245684e-05
5.703436457786884e-05
5.6083791809356375e-05
5.514906192114859e-05
5.4229910865256524e-05
5.332607899434755e-05
5.243731098874799e-05
